NAME Citadel
WORLD 4000 640
PLAYER 80 450
PLATFORM 0 570 700 70
PLATFORM 800 570 600 70
PLATFORM 1500 570 600 70
PLATFORM 2200 570 600 70
PLATFORM 2900 570 1100 70
PLATFORM 300 445 180 25
PLATFORM 570 345 130 25
PLATFORM 900 430 180 25
PLATFORM 1230 330 130 25
PLATFORM 1580 430 190 25
PLATFORM 1900 330 150 25
PLATFORM 2290 430 180 25
PLATFORM 2600 330 160 25
PLATFORM 3050 430 170 25
PLATFORM 3340 330 150 25
PLATFORM 3650 430 180 25
MOVING 700 480 100 22 700 850 100 0
MOVING 1400 420 100 22 1400 1550 0 100
MOVING 2100 480 100 22 2100 2250 100 0
MOVING 2800 420 100 22 2800 2950 0 100
LADDER 610 345 34 225
LADDER 1940 330 34 240
LADDER 3380 330 34 240
SPIKE 1030 550 170 20
SPIKE 1670 550 150 20
SPIKE 2360 550 160 20
SPIKE 3120 550 170 20
ENEMY walker 350 375 100 670
ENEMY shooter 950 360 810 1370
ENEMY jumper 1610 360 1510 2070
ENEMY shooter 2320 360 2210 2780
ENEMY jumper 3090 360 2910 3490
ENEMY shooter 3690 360 3510 3960
ENEMY boss 3790 430 3450 3960
COIN 350 400
COIN 620 300
COIN 950 385
COIN 1270 285
COIN 1630 385
COIN 1950 285
COIN 2330 385
COIN 2640 285
COIN 3090 385
COIN 3380 285
PICKUP health 1450 520
PICKUP ammo 2150 520
PICKUP health 2850 520
KEY gold 2750 285
DOOR gold 3500 470 55 100
SWITCH 3220 535 gold
CHECKPOINT 2140 480
GOAL 3910 470 55 100
