NAME Green Approach
WORLD 3200 640
PLAYER 80 450
PLATFORM 0 570 760 70
PLATFORM 850 570 640 70
PLATFORM 1590 570 620 70
PLATFORM 2310 570 890 70
PLATFORM 250 455 220 26
PLATFORM 550 370 170 26
PLATFORM 990 450 230 26
PLATFORM 1330 355 130 26
PLATFORM 1700 450 230 26
PLATFORM 2040 360 140 26
PLATFORM 2470 450 200 26
PLATFORM 2810 360 190 26
MOVING 760 475 110 22 760 930 90 0
MOVING 2210 470 100 22 2210 2400 80 0
LADDER 600 370 34 200
LADDER 2075 360 34 210
SPIKE 1180 550 120 20
SPIKE 1880 550 100 20
ENEMY walker 380 385 120 720
ENEMY shooter 1050 380 880 1450
ENEMY jumper 1740 380 1620 2160
ENEMY walker 2540 380 2340 2750
ENEMY shooter 2860 290 2780 3020
COIN 300 410
COIN 610 325
COIN 1050 405
COIN 1370 310
COIN 1750 405
COIN 2090 315
COIN 2530 405
COIN 2890 315
PICKUP health 680 330
PICKUP ammo 1410 320
KEY bronze 1990 520
DOOR bronze 2240 470 55 100
SWITCH 2720 535 bronze
CHECKPOINT 1515 480
GOAL 3100 470 55 100
