NAME Factory Run
WORLD 3600 640
PLAYER 70 450
PLATFORM 0 570 620 70
PLATFORM 720 570 430 70
PLATFORM 1250 570 520 70
PLATFORM 1870 570 440 70
PLATFORM 2410 570 500 70
PLATFORM 3010 570 590 70
PLATFORM 200 440 160 25
PLATFORM 470 340 140 25
PLATFORM 820 430 190 25
PLATFORM 1300 390 180 25
PLATFORM 1580 300 150 25
PLATFORM 1920 430 190 25
PLATFORM 2470 380 180 25
PLATFORM 2760 290 130 25
PLATFORM 3070 430 180 25
PLATFORM 3350 340 150 25
MOVING 610 480 110 22 610 760 100 0
MOVING 1150 410 100 22 1150 1300 0 80
MOVING 1770 470 100 22 1770 1920 100 0
MOVING 2310 410 100 22 2310 2470 0 90
MOVING 2910 470 100 22 2910 3070 100 0
LADDER 515 340 34 230
LADDER 1635 300 34 270
LADDER 2805 290 34 280
SPIKE 900 550 150 20
SPIKE 1450 550 130 20
SPIKE 2020 550 150 20
SPIKE 2580 550 140 20
ENEMY shooter 240 370 100 590
ENEMY jumper 780 360 730 1130
ENEMY walker 1350 320 1260 1740
ENEMY shooter 1980 360 1880 2290
ENEMY jumper 2510 310 2420 2890
ENEMY shooter 3130 360 3020 3540
COIN 250 395
COIN 520 295
COIN 870 385
COIN 1360 345
COIN 1630 255
COIN 1980 385
COIN 2530 335
COIN 2810 245
COIN 3130 385
COIN 3400 295
PICKUP ammo 1080 520
PICKUP health 2220 520
KEY silver 1700 250
DOOR silver 2940 470 55 100
SWITCH 2650 535 silver
CHECKPOINT 1800 480
GOAL 3500 470 55 100
